ACO, limited to 1 second
[23.0, 37.0, 54.0, 61.0, 80.0, 102.0, 109.0, 136.0, 147.0, 165.0, 186.0, 209.0, 219.0]
ACO, limited to 5 seconds
[22.0, 34.0, 51.0, 65.0, 83.0, 103.0, 110.0, 134.0, 141.0, 168.0, 174.0, 198.0, 211.0]
ACO, limited to 15 seconds
[22.0, 34.0, 48.0, 62.0, 79.0, 93.0, 112.0, 127.0, 139.0, 161.0, 176.0, 185.0, 199.0]
MILP, limited to 1 second
[22.0, 34.0, 48.0, 0, 0, 0, 0, 0, 0, 0, 0, 0, 0]
MILP, limited to 5 seconds
[22.0, 33.0, 46.0, 66.0, 82.0, 113.0, 155.0, 0, 0, 0, 0, 0, 0]
MILP, limited to 15 seconds
[22.0, 33.0, 45.0, 61.0, 80.0, 93.0, 114.0, 150.0, 0, 235.0, 0, 0, 0]
ACO, limited to 1 second
[(0, 23), (1, 36), (2, 52), (3, 65), (4, 87), (5, 101), (6, 109), (7, 130), (8, 149), (9, 160), (10, 180), (11, 214), (12, 210)]
ACO, limited to 5 seconds
[(0, 22), (1, 35), (2, 49), (3, 63), (4, 83), (5, 99), (6, 113), (7, 130), (8, 137), (9, 157), (10, 170), (11, 195), (12, 205)]
ACO, limited to 15 seconds
[(0, 22), (1, 34), (2, 49), (3, 62), (4, 80), (5, 94), (6, 105), (7, 124), (8, 139), (9, 156), (10, 167), (11, 187), (12, 194)]
MILP, limited to 1 second
[(0, 22.0), (1, 34.0), (2, 48.0)]
MILP, limited to 5 seconds
[(0, 22.0), (1, 33.0), (2, 46.0), (3, 66.0), (4, 82.0), (5, 106.0), (6, 150.0)]
MILP, limited to 15 seconds
[(0, 22.0), (1, 33.0), (2, 45.0), (3, 61.0), (4, 82.0), (5, 93.0), (6, 115.0), (7, 150.0), (9, 235.0)]
