MILP, limited to 1 minute
[(0, 22.0), (1, 33.0), (2, 44.0), (3, 58.0), (4, 74.0), (5, 88.0), (6, 105.0), (7, 125.0), (8, 132.0), (9, 169.0), (10, 241.0)]
MILP, limited to 5 minutes
[(0, 22.0), (1, 33.0), (2, 43.0), (3, 56.0), (4, 73.0), (5, 87.0), (6, 101.0), (7, 109.0), (8, 128.0), (9, 145.0), (10, 156.0), (11, 179.0), (12, 223.0)]
MILP, limited to 15 minutes
[(0, 22.0), (1, 33.0), (2, 43.0), (3, 55.0), (4, 71.0), (5, 87.0), (6, 100.0), (7, 109.0), (8, 128.0), (9, 138.0), (10, 156.0), (11, 178.0), (12, 200.0)]
ACO, limited to 1 minute
[(0, 22), (1, 33), (2, 47), (3, 62), (4, 75), (5, 93), (6, 108), (7, 122), (8, 133), (9, 147), (10, 163), (11, 180), (12, 195)]
ACO, limited to 5 minutes
[(0, 22), (1, 34), (2, 46), (3, 61), (4, 74), (5, 87), (6, 106), (7, 120), (8, 133), (9, 150), (10, 165), (11, 175), (12, 194)]
ACO, limited to 15 minutes
[(0, 22), (1, 33), (2, 46), (3, 61), (4, 73), (5, 90), (6, 99), (7, 114), (8, 129), (9, 147), (10, 162), (11, 179), (12, 191)]