ACO, limited to 1 second
[(0, 23.0), (1, 34.0), (2, 44.3), (3, 56.333333333333336), (4, 68.0), (5, 79.33333333333333), (6, 91.66666666666667), (7, 103.0), (8, 117.0), (9, 127.66666666666667), (10, 141.33333333333334), (11, 151.33333333333334), (12, 163.33333333333334)]
ACO, limited to 5 seconds
[(0, 22.666666666666668), (1, 33.0), (2, 44.0), (3, 56.0), (4, 66.0), (5, 78.0), (6, 90.33333333333333), (7, 101.66666666666667), (8, 113.66666666666667), (9, 126.66666666666667), (10, 137.0), (11, 151.0), (12, 163.0)]
ACO, limited to 15 seconds
[(0, 23.0), (1, 33.0), (2, 44.0), (3, 55.333333333333336), (4, 65.0), (5, 77.0), (6, 91.0), (7, 102.0), (8, 112.33333333333333), (9, 125.33333333333333), (10, 137.0), (11, 149.33333333333334), (12, 159.33333333333334)]
MILP, limited to 1 second
[(0, 22.0), (1, 34.0), (2, 48.0)]
MILP, limited to 5 seconds
[(0, 22.0), (1, 33.0), (2, 46.0), (3, 66.0), (4, 82.0), (5, 106.0), (6, 150.0)]
MILP, limited to 15 seconds
[(0, 22.0), (1, 33.0), (2, 45.0), (3, 61.0), (4, 82.0), (5, 93.0), (6, 115.0), (7, 150.0), (9, 235.0)]